=== FCFS ===
-666669999AAAAAAAA7RRRRRRD11KKK444TTTTTT3333885555552220000
=== RR ===
-69A67R9A6DR9A6R19AK6R14ATK3R84A5TK3R284A5T032A5T325T5T5FFF
=== PSJF ===
-997996D6666R11KKK444RR88RRR3333222T00000000000000000000000
=== NPSJF ===
-9999766666DTTTTT11KKK444883333222RRRRRR0000TTTTTT555555555555
=== Priority ===
-999966DRRRRR11666R4TT3333TTTT4488AA00000000000000000000000
========================================================
Waiting Time
ID	FCFS	RR	PSJF	NPSJF	Priority	
========================================================
0	1	49	0	44	0
0	19	-4	-4	-4	-4
1	13	8	0	4	0
2	22	18	2	1	-3
3	18	24	6	5	0
4	13	19	0	4	11
5	20	24	-6	30	-6
6	0	15	6	5	12
7	15	2	0	2	-1
8	21	14	0	2	9
9	5	13	1	0	0
10	8	37	-8	-8	-8
13	18	3	0	4	0
20	13	17	0	4	-3
27	16	28	19	31	10
29	14	29	-6	24	4

Turnaround Time
ID	FCFS	RR	PSJF	NPSJF	Priority	
========================================================
0	1	49	0	44	0
0	23	0	0	0	0
1	15	10	2	6	2
2	25	21	5	4	0
3	22	28	10	9	4
4	16	22	3	7	14
5	26	30	0	36	0
6	5	20	11	10	17
7	16	3	1	3	0
8	23	16	2	4	11
9	9	17	5	4	4
10	16	45	0	0	0
13	19	4	1	5	1
20	16	20	3	7	0
27	22	34	25	37	16
29	20	35	0	30	10
========================================================
