=== FCFS ===
-299999777734441111DDDDDDDDDCCCCCC000000055558888888BBBBBB6666666
=== RR ===
-29997779934447111DDDCCC0001DDD555888CCC000DDD5BBB8886660BBB86666
=== PSJF ===
-277773444111199999CCCCCC55550000000BBBBBB88888886666666DDDDDDDDD
=== NPSJF ===
-277773444111199999CCCCCC55550000000BBBBBB88888886666666DDDDDDDDD
=== Priority ===
-999993777724DDCCCCCC0588888885550000006666666DDDDDDDBBBBBB111144
========================================================
Waiting Time
ID	FCFS	RR	PSJF	NPSJF	Priority	
========================================================
0	18	34	13	13	16
1	6	15	1	1	50
2	0	0	0	0	10
3	5	4	0	0	0
4	6	5	1	1	56
5	19	21	3	3	7
6	19	19	10	10	0
7	5	9	0	0	5
8	22	31	19	19	0
9	1	4	13	13	0
11	16	18	0	0	17
12	13	19	4	4	0
13	6	24	43	43	31

Turnaround Time
ID	FCFS	RR	PSJF	NPSJF	Priority	
========================================================
0	25	41	20	20	23
1	10	19	5	5	54
2	1	1	1	1	11
3	6	5	1	1	1
4	9	8	4	4	59
5	23	25	7	7	11
6	26	26	17	17	7
7	9	13	4	4	9
8	29	38	26	26	7
9	6	9	18	18	5
11	22	24	6	6	23
12	19	25	10	10	6
13	15	33	52	52	40
========================================================
