==    FCFS==
--9APP0AB996666-222---1CZZZ8778555533EEEE38888ZZZCC1
==      RR==
--69A60P9A6BP96-222---1C1ZCZ8C7Z8357Z835EZ835EZ85E8E
==    PSJF==
--9A0APPB996666-222---11CCCZ77Z3335555EEEEZZZZ888888
==Non-PSJF==
--9990AABPP6666-222---11CCCZZZZZZ773335555EEEE888888
== Priority==
--666699BAA0PP9-222---1CCCZ877855558888EEEE333ZZZZZ1
===========================================================

Waiting Time
ID	FCFS	RR	PSJF	NPSJF	Priority
===========================================================
0	2	2	0	1	7
1	28	1	0	0	28
2	0	0	0	0	0
3	8	10	0	4	12
5	0	14	3	7	0
6	9	9	9	9	0
7	0	6	0	5	0
8	13	18	19	19	6
9	6	9	6	0	10
10	3	5	1	3	6
11	0	3	0	0	0
12	25	4	1	1	0
14	0	11	1	5	0
25	0	7	2	5	8
35	19	17	16	3	21
===========================================================

Turnarround Time
ID	FCFS	RR	PSJF	NPSJF	Priority
===========================================================
0	3	3	1	2	8
1	30	3	2	2	30
2	3	3	3	3	3
3	11	13	3	7	15
5	4	18	7	11	4
6	13	13	13	13	4
7	2	8	2	7	2
8	19	24	25	25	12
9	9	12	9	3	13
10	5	7	3	5	8
11	1	4	1	1	1
12	28	7	4	4	3
14	4	15	5	9	4
25	2	9	4	7	10
35	25	23	22	9	27
===========================================================
