==    FCFS==
--6666999AA0PPB-222---11CCCZZZZZZ888888773335555EEEE
==      RR==
--69A60P9A6BP96-222---1C1ZCZ8C7Z8357Z835EZ835EZ85E8E
==    PSJF==
--9A0APPB996666-222---11CCCZ77Z3335555EEEEZZZZ888888
==Non-PSJF==
--9990AABPP6666-222---11CCCZZZZZZ773335555EEEE888888
== Priority==
--6666999BAAPP0-222---11CCC888888555577EEEEZZZZZZ333
===========================================================

Waiting Time
ID	FCFS	RR	PSJF	NPSJF	Priority
===========================================================
0	7	2	0	1	10
1	0	1	0	0	0
2	0	0	0	0	0
3	10	10	0	4	18
5	13	14	3	7	2
6	0	9	9	9	0
7	11	6	0	5	9
8	6	18	19	19	0
9	4	9	6	0	4
10	6	5	1	3	7
11	6	3	0	0	1
12	1	4	1	1	1
14	11	11	1	5	2
25	8	7	2	5	8
35	3	17	16	3	19
===========================================================

Turnarround Time
ID	FCFS	RR	PSJF	NPSJF	Priority
===========================================================
0	8	3	1	2	11
1	2	3	2	2	2
2	3	3	3	3	3
3	13	13	3	7	21
5	17	18	7	11	6
6	4	13	13	13	4
7	13	8	2	7	11
8	12	24	25	25	6
9	7	12	9	3	7
10	8	7	3	5	9
11	7	4	1	1	2
12	4	7	4	4	4
14	15	15	5	9	6
25	10	9	4	7	10
35	9	23	22	9	25
===========================================================
